1658356800
1658487897
1658701734
1658994417
1659278251
1659373557
1658626388
1659087797
1659282845
1659565281
1659373557
1659809145
1659815214
1660037317
1659782429
1660033942
1660177126
1660125143
1660177161
1660231348
1660257047
1660322960
1660517737
1660666248
1660542315
1660942561
1661171151
1661140711
1661231635
1656479163
1656479163
1656479163
1656753855
1656923276
1658460606
1658567198
1658567199
1659824669
1659655345
1660252520
1660993319
1661167525
1661182497
1661264882
1661314953
1661478365
1657075521
1656692677
1657133379
1656390238
1656797831
1657139615
1656819161
1657236722
1656930012
1656930012
1656930012
1654841322
1655732586
1654510375
1654829053
1655548966
1654524207
1654889793
1654897477
1655409076
1655424716
1654880985
1654437530
1654746403
1655290788
1654286119
1658939841
1658981560
1659028466
1659089284
1659153130
1659424536
1659810668
1660086410
1660499253
1660589097
1660850856
1661253677
1661253676
1661277632
1661237756
1658356800
1658487897
1658701734
1658994417
1659278251
1659373557
1658626388
1659087797
1659282845
1659565281
1659373557
1659809145
1659815214
1660037317
1659782429
1660033942
1660177126
1660125143
1660177161
1660231348
1660257047
1660322960
1660517737
1660666248
1660542315
1660942561
1661171151
1661140711
1661231635
1656479163
1656479163
1656479163
1656753855
1656923276
1658460606
1658567198
1658567199
1659824669
1659655345
1660252520
1660993319
1661167525
1661182497
1661264882
1661314953
1661478365
1657075521
1656692677
1657133379
1656390238
1656797831
1657139615
1656819161
1657236722
1656930012
1656930012
1656930012
1654841322
1655732586
1654510375
1654829053
1655548966
1654524207
1654889793
1654897477
1655409076
1655424716
1654880985
1654437530
1654746403
1655290788
1654286119
1658939841
1658981560
1659028466
1659089284
1659153130
1659424536
1659810668
1660086410
1660499253
1660589097
1660850856
1661253677
1661253676
1661277632
1661237756
1658356800
1658487897
1658701734
1658994417
1659278251
1659373557
1658626388
1659087797
1659282845
1659565281
1659373557
1659809145
1659815214
1660037317
1659782429
1660033942
1660177126
1660125143
1660177161
1660231348
1660257047
1660322960
1660517737
1660666248
1660542315
1660942561
1661171151
1661140711
1661231635
1656479163
1656479163
1656479163
1656753855
1656923276
1658460606
1658567198
1658567199
1659824669
1659655345
1660252520
1660993319
1661167525
1661182497
1661264882
1661314953
1661478365
1657075521
1656692677
1657133379
1656390238
1656797831
1657139615
1656819161
1657236722
1656930012
1656930012
1656930012
1654841322
1655732586
1654510375
1654829053
1655548966
1654524207
1654889793
1654897477
1655409076
1655424716
1654880985
1654437530
1654746403
1655290788
1654286119
1658939841
1658981560
1659028466
1659089284
1659153130
1659424536
1659810668
1660086410
1660499253
1660589097
1660850856
1661253677
1661253676
1661277632
1661237756
